1000
1000 1485
706 291
691 973
60 993
594 359
96 440
448 284
896 696
42 812
162 79
44 980
155 17
579 685
792 77
239 844
848 494
355 278
894 602
551 938
2 925
701 193
390 550
505 699
87 455
697 97
950 868
670 783
916 538
920 723
708 412
739 940
345 501
465 906
923 846
491 650
369 905
373 484
846 460
288 4
678 846
458 389
566 962
285 968
264 900
362 720
883 987
231 773
269 836
634 97
246 360
125 638
725 850
36 964
692 894
20 329
380 847
391 246
958 156
405 928
248 254
726 606
160 990
263 769
213 236
639 312
570 911
813 59
797 679
735 313
82 438
75 695
555 696
302 358
633 642
810 236
304 360
680 565
921 386
374 442
188 931
285 410
581 712
596 592
357 600
612 191
471 715
436 969
587 742
927 238
386 544
836 7
593 693
565 366
21 418
727 889
383 631
669 559
868 728
568 979
243 228
858 902
720 765
768 835
922 576
378 46
697 377
329 80
769 50
33 814
527 651
970 594
971 504
276 58
211 911
311 763
222 490
886 105
155 350
837 379
919 341
425 963
350 954
625 350
739 807
402 698
798 792
510 257
536 950
333 183
391 447
786 964
215 174
221 680
863 196
737 689
906 234
886 280
539 981
787 656
522 217
483 138
684 546
804 789
261 615
755 634
861 917
498 108
328 599
130 779
811 758
111 949
639 118
200 145
813 276
565 78
796 970
734 571
428 3
563 304
647 654
303 364
332 512
30 856
370 977
739 341
742 674
852 892
89 63
128 193
792 170
845 123
990 779
819 43
970 57
110 218
590 31
384 110
380 411
588 432
857 81
662 383
812 586
337 48
114 524
373 432
153 518
466 77
768 874
169 908
69 82
253 501
462 570
450 155
949 609
166 228
381 227
658 166
329 119
541 398
767 735
659 401
126 864
577 641
783 406
815 4
717 317
526 449
28 108
407 387
139 117
307 602
76 783
207 975
47 963
508 681
135 337
676 644
192 510
714 492
263 159
926 709
466 561
964 456
88 777
879 419
795 291
138 959
650 735
472 156
714 805
651 282
596 889
603 72
730 238
562 570
677 766
554 251
136 88
376 766
224 823
762 304
281 993
976 968
593 172
925 776
185 441
189 225
68 990
30 927
379 540
149 783
361 140
592 453
582 13
997 302
273 723
86 287
329 517
35 944
579 533
807 313
191 685
453 585
266 575
508 980
514 61
533 367
529 329
641 563
688 951
388 448
165 509
150 417
670 781
357 793
894 464
78 164
629 426
768 254
680 731
868 686
695 429
938 204
401 463
269 964
804 329
434 213
465 13
934 139
54 414
726 609
492 174
920 762
469 533
583 581
767 181
705 768
53 570
237 562
112 560
681 183
856 461
375 880
215 13
506 667
854 394
174 995
877 416
390 443
409 160
489 631
885 353
330 807
416 722
7 39
691 580
531 107
474 690
914 174
539 587
923 839
259 456
417 135
537 450
38 784
679 847
888 669
176 226
249 463
803 234
48 351
379 492
827 856
504 759
167 101
772 379
840 516
638 9
65 329
924 627
489 513
274 849
142 184
952 713
136 710
493 971
743 115
872 13
97 962
733 708
938 861
398 532
525 622
307 653
277 643
617 961
571 977
653 247
984 802
351 342
657 719
59 721
607 472
647 961
725 466
473 683
842 664
525 899
426 505
668 167
84 835
874 108
817 65
556 929
235 691
462 857
327 586
84 829
436 898
938 394
260 626
412 308
871 344
559 929
314 148
871 933
394 16
871 945
596 371
427 977
374 534
728 788
148 868
516 628
410 458
562 982
226 144
422 445
7 12
492 391
55 731
290 48
578 884
259 59
762 333
282 110
957 476
29 61
506 604
615 365
153 553
108 470
908 987
700 844
900 916
110 990
729 154
136 567
674 499
431 844
917 192
761 10
985 960
948 9
50 570
615 866
929 117
929 803
403 712
442 853
339 772
873 585
797 836
553 800
913 57
697 588
589 960
706 465
693 732
432 937
696 883
45 362
564 868
722 761
793 980
106 209
522 95
540 783
702 12
623 349
605 716
754 574
560 671
283 573
455 576
842 719
375 986
562 793
950 526
242 853
235 336
477 308
766 42
377 547
648 823
455 710
958 445
908 40
55 527
69 823
370 592
447 796
601 337
318 297
899 244
730 223
284 127
605 288
76 706
821 792
371 691
470 188
69 731
142 954
68 660
673 602
307 918
259 442
967 497
792 526
520 414
260 400
604 378
525 440
527 841
40 514
615 295
984 722
766 994
469 373
931 590
815 501
819 700
330 238
2 837
288 613
886 881
423 95
840 363
562 207
438 430
199 914
214 378
381 593
862 962
754 293
552 627
463 636
65 701
573 859
756 530
85 42
9 820
33 732
585 829
58 8
700 925
820 194
702 607
620 433
528 5
226 266
224 798
573 471
600 865
67 859
793 515
168 750
447 432
903 294
591 171
53 199
698 387
405 594
848 436
101 183
942 908
142 186
31 976
426 86
971 534
135 458
425 905
503 915
531 102
32 724
489 110
464 137
41 535
403 107
427 28
691 907
547 90
185 270
60 779
595 230
613 89
684 493
372 525
926 618
212 124
73 876
647 457
798 837
588 161
656 998
306 965
786 434
339 549
334 419
557 820
653 870
168 799
174 366
993 239
112 576
97 385
438 306
566 629
719 741
388 993
148 550
675 84
761 995
363 601
284 859
782 526
711 488
961 353
54 70
440 345
348 51
275 425
927 910
721 21
19 568
802 748
190 517
946 403
392 903
109 828
421 571
974 8
986 825
565 860
462 959
402 992
446 824
479 714
468 69
947 864
624 346
58 608
636 684
271 413
539 770
338 640
17 430
242 116
197 500
345 7
736 668
966 229
504 651
729 860
24 104
20 158
851 501
998 631
886 125
331 737
569 170
803 389
248 503
737 821
185 49
180 86
946 932
299 719
599 301
27 98
267 700
994 197
781 698
937 83
95 227
867 454
819 806
314 624
162 134
976 916
457 780
79 12
25 646
222 497
555 85
464 4
374 896
547 29
297 632
685 783
889 40
231 597
891 532
457 536
369 236
943 256
569 395
190 637
381 15
188 965
369 127
537 240
336 189
603 572
72 119
663 859
95 623
528 788
456 136
169 502
134 221
454 180
879 798
276 245
108 898
368 586
306 995
172 73
377 94
251 985
952 265
453 611
315 199
512 112
315 392
892 435
681 912
173 923
743 713
6 590
635 681
840 862
136 369
485 9
776 71
687 765
197 375
301 142
475 296
17 648
614 976
75 294
810 90
434 768
650 774
9 875
936 240
343 801
604 960
365 254
247 828
821 547
807 123
377 791
94 817
249 27
493 694
967 283
522 793
650 534
214 883
48 718
644 24
926 984
569 846
856 981
744 531
706 998
117 255
966 199
60 133
547 367
854 913
661 448
459 690
833 28
338 615
583 615
899 446
866 428
710 433
120 727
581 132
476 666
739 595
170 898
516 690
337 257
106 450
674 516
644 235
736 981
668 945
401 949
266 44
644 937
794 573
310 35
247 75
818 616
635 459
421 671
558 794
180 168
614 610
635 917
494 202
175 522
171 777
399 44
515 307
347 941
205 601
816 252
435 955
56 16
211 779
638 386
703 574
531 877
114 576
789 630
73 416
412 222
884 519
615 189
936 441
525 575
835 284
626 657
31 241
146 289
420 370
667 847
657 613
73 400
948 700
75 785
65 694
750 883
388 727
677 655
175 506
120 1
188 930
434 487
835 379
739 162
661 81
358 702
459 652
295 261
41 404
354 719
958 562
385 577
219 740
230 650
700 583
505 369
346 521
781 554
288 276
392 660
418 35
543 121
695 159
574 807
940 31
634 197
971 895
542 791
158 661
401 160
813 527
769 91
449 812
716 142
472 315
828 16
777 55
634 147
728 725
66 123
718 921
882 4
255 178
972 21
120 526
993 278
80 54
840 217
221 151
336 313
866 276
286 901
668 412
77 256
420 963
692 517
136 367
215 521
237 468
703 20
410 52
499 359
735 880
82 223
554 767
20 593
115 561
40 738
504 388
570 15
824 473
1 47
50 710
13 911
307 915
909 829
765 672
496 948
35 639
981 747
810 547
905 568
402 720
679 495
834 591
886 313
696 782
861 73
110 780
508 515
281 806
186 897
455 466
284 117
414 712
301 982
232 343
630 269
827 291
854 357
808 293
638 383
105 952
860 317
765 727
6 702
853 491
308 496
38 943
147 252
331 278
702 790
513 340
561 402
471 613
499 340
652 282
437 737
695 589
203 580
269 302
243 68
295 596
174 393
1000 819
372 128
692 191
282 63
143 636
824 882
114 628
251 489
179 936
682 831
437 518
27 243
345 688
795 978
252 179
146 305
478 85
643 863
961 311
222 774
567 855
268 620
121 430
428 471
227 271
717 675
928 586
424 828
615 825
362 290
360 263
377 606
602 571
452 986
531 737
232 431
644 22
571 610
898 475
165 833
220 160
961 710
937 398
819 107
402 317
448 827
501 113
100 304
928 913
770 333
383 470
822 415
54 414 73 416
466 561 469 533
744 531 781 554
714 492 674 516
155 17 120 1
311 763 331 737
307 653 297 632
526 449 520 414
377 547 339 549
489 110 456 136
633 642 636 684
330 807 343 801
504 651 493 694
531 107 489 110
697 588 702 607
149 783 168 750
617 961 635 917
59 721 33 732
568 979 539 981
976 916 928 913
112 560 114 576
67 859 73 876
28 108 29 61
28 108 72 119
307 653 277 643
477 308 513 340
85 42 58 8
908 40 882 4
813 59 776 71
693 732 719 741
705 768 702 790
95 623 114 628
736 668 743 713
226 144 221 151
927 238 917 192
274 849 242 853
919 341 961 353
612 191 593 172
53 199 31 241
816 252 840 217
638 9 644 22
803 234 840 217
592 453 635 459
674 516 692 517
20 329 48 351
658 166 634 147
813 276 835 284
846 460 866 428
428 3 465 13
691 907 668 945
605 288 599 301
506 667 516 628
84 835 94 817
110 218 101 183
504 759 542 791
879 419 894 464
447 796 457 780
330 807 377 791
811 758 767 735
489 631 471 613
337 48 345 7
370 977 388 993
568 979 536 950
436 969 427 977
277 643 268 620
743 713 728 725
285 968 281 993
553 800 522 793
952 713 984 722
720 765 722 761
399 44 410 52
310 35 282 63
492 391 469 373
357 600 338 640
793 980 766 994
720 765 677 766
336 313 331 278
333 183 315 199
701 193 692 191
185 270 227 271
260 400 275 425
426 86 377 94
950 526 971 534
153 518 197 500
706 291 754 293
416 722 388 727
381 593 377 606
848 494 815 501
680 731 728 725
190 637 230 650
379 540 398 532
676 644 677 655
188 931 199 914
792 170 767 181
357 793 330 807
466 77 423 95
836 7 819 43
615 189 634 197
889 40 882 4
577 641 552 627
259 442 237 468
714 805 685 783
330 238 336 189
2 837 9 875
812 586 818 616
557 820 574 807
371 691 402 720
879 419 856 461
594 359 615 365
845 123 874 108
222 490 251 489
727 889 696 883
458 389 438 430
474 690 473 683
362 720 388 727
269 964 306 965
506 604 471 613
276 58 282 63
345 501 373 484
455 710 414 712
899 244 936 240
562 570 602 571
596 889 615 866
385 577 377 606
569 846 567 855
32 724 48 718
985 960 946 932
562 207 595 230
596 889 565 860
380 847 424 828
886 280 903 294
540 783 562 793
59 721 48 718
197 375 232 343
527 841 565 860
165 509 197 500
462 570 453 585
101 183 142 186
314 148 284 117
950 868 923 839
44 980 68 990
871 933 854 913
835 284 866 276
42 812 38 784
391 447 380 411
434 768 449 812
65 329 45 362
837 379 854 357
547 90 543 121
371 691 354 719
739 807 728 788
641 563 650 534
525 622 525 575
237 562 215 521
398 532 426 505
562 570 571 610
226 144 242 116
596 889 578 884
48 718 65 694
483 138 450 155
942 908 927 910
585 829 615 825
436 969 462 959
468 69 478 85
455 466 428 471
786 964 793 980
226 144 212 124
78 164 66 123
446 824 448 827
373 432 383 470
269 836 284 859
851 501 867 454
816 252 835 284
894 464 898 475
386 544 385 577
560 671 552 627
527 651 508 681
601 337 624 346
533 367 520 414
990 779 986 825
462 959 420 963
873 585 834 591
916 538 884 519
795 291 808 293
725 850 679 847
896 696 920 723
810 90 807 123
714 805 702 790
75 695 55 731
565 78 613 89
7 12 56 16
307 918 347 941
239 844 274 849
283 573 288 613
282 110 242 116
766 42 769 91
47 963 35 944
357 793 339 772
307 602 288 613
555 696 560 671
175 522 215 521
31 241 77 256
479 714 493 694
730 238 768 254
591 171 581 132
114 524 153 518
590 31 582 13
792 526 794 573
615 295 630 269
185 270 146 289
493 971 462 959
658 166 668 167
96 440 106 450
388 448 428 471
804 789 811 758
592 453 629 426
381 227 369 236
191 685 158 661
583 581 571 610
97 385 73 416
803 389 835 379
469 373 499 359
255 178 220 160
684 546 692 517
109 828 94 817
620 433 647 457
88 777 60 779
327 586 314 624
465 13 485 9
369 905 405 928
670 781 705 768
60 993 44 980
334 419 315 392
900 916 928 913
862 962 854 913
908 987 926 984
562 570 603 572
587 742 593 693
142 184 101 183
726 606 697 588
75 294 100 304
29 61 24 104
692 894 679 847
381 593 405 594
625 350 638 383
596 592 583 615
224 823 247 828
426 86 399 44
350 954 347 941
730 238 730 223
653 247 652 282
355 278 369 236
153 518 148 550
290 48 249 27
958 445 936 441
436 898 392 903
54 414 41 404
174 366 174 393
271 413 315 392
465 906 503 915
866 428 822 415
997 302 993 278
868 728 868 686
379 492 374 534
148 868 165 833
469 373 504 388
922 576 949 609
525 899 564 868
505 699 508 681
644 24 644 22
813 276 795 291
697 97 661 81
701 193 681 183
469 373 499 340
737 689 743 713
13 911 38 943
273 723 299 719
539 587 525 622
582 13 570 15
804 329 770 333
819 700 781 698
215 174 200 145
551 938 525 899
922 576 905 568
106 209 82 223
114 524 136 567
871 945 856 981
792 526 821 547
657 719 636 684
818 616 789 630
815 501 853 491
547 29 570 15
130 779 88 777
871 933 900 916
197 500 222 497
786 964 796 970
260 626 268 620
813 59 769 50
522 793 558 794
82 438 73 416
417 135 456 136
766 994 736 981
873 585 905 568
422 445 455 466
30 856 2 837
894 464 936 441
65 694 50 710
840 516 815 501
135 337 136 369
936 441 937 398
211 779 222 774
739 341 762 304
571 977 589 960
337 257 362 290
261 615 260 626
162 79 136 88
658 166 695 159
458 389 420 370
21 418 41 404
797 679 842 664
255 178 252 179
290 48 266 44
329 119 284 117
173 923 170 898
919 341 903 294
491 650 506 604
69 82 29 61
242 853 214 883
508 681 516 690
498 108 468 69
69 731 60 779
168 799 165 833
957 476 958 445
565 860 531 877
620 433 661 448
861 917 854 913
662 383 698 387
639 312 605 288
369 905 347 941
301 142 284 117
896 696 888 669
698 387 668 412
691 973 647 961
235 691 267 700
564 868 565 860
253 501 215 521
60 993 31 976
615 365 638 383
7 12 1 47
401 463 434 487
394 16 410 52
926 709 961 710
739 162 695 159
755 634 742 674
146 305 100 304
483 138 492 174
176 226 185 270
684 546 691 580
531 107 501 113
648 823 663 859
819 43 810 90
457 780 437 737
153 518 190 517
714 492 706 465
684 493 711 488
796 970 795 978
536 950 493 971
570 911 525 899
600 865 567 855
246 360 214 378
906 234 917 192
162 79 185 49
729 860 737 821
921 386 946 403
33 814 69 823
556 929 559 929
679 847 653 870
883 987 908 987
264 900 284 859
566 962 571 977
371 691 388 727
514 61 468 69
696 883 735 880
900 916 886 881
390 550 385 577
155 350 136 367
739 595 700 583
290 48 259 59
948 9 940 31
166 228 147 252
795 291 770 333
539 981 508 980
579 533 602 571
845 123 819 107
101 183 82 223
894 464 899 446
384 110 361 140
503 915 496 948
25 646 17 648
819 43 817 65
304 360 315 392
967 283 993 278
76 706 69 731
653 870 643 863
59 721 65 694
28 108 27 98
384 110 403 107
681 912 644 937
55 731 40 738
614 976 604 960
19 568 20 593
685 783 702 790
754 574 739 595
993 239 993 278
845 123 886 125
555 696 593 693
922 576 926 618
242 116 247 75
656 998 614 976
477 308 475 296
416 722 403 712
248 254 226 266
993 239 994 197
401 463 426 505
916 538 958 562
345 501 374 534
739 940 718 921
462 857 424 828
224 823 224 798
136 88 180 86
126 864 108 898
650 735 693 732
338 640 338 615
508 681 479 714
647 654 676 644
281 993 306 995
938 204 966 229
401 160 372 128
767 735 765 727
797 836 819 806
249 463 275 425
328 599 327 586
213 236 243 228
678 846 648 823
428 3 394 16
462 570 453 611
142 186 134 221
477 308 438 306
720 765 719 741
60 779 40 738
427 977 402 992
858 902 824 882
297 632 338 615
297 632 268 620
755 634 739 595
73 876 108 898
432 937 462 959
87 455 108 470
798 837 840 862
469 373 440 345
47 963 31 976
533 367 569 395
674 499 711 488
381 593 385 577
600 865 615 825
768 254 730 223
943 256 967 283
370 592 363 601
188 931 211 911
970 57 937 83
213 236 227 271
450 155 472 156
138 959 110 990
338 640 297 632
605 288 630 269
425 963 388 993
391 447 390 443
536 950 503 915
248 254 288 276
345 501 329 517
505 369 499 359
235 336 232 343
641 563 602 571
647 654 677 655
398 532 421 571
390 550 421 571
462 857 449 812
659 401 638 383
192 510 190 517
756 530 744 531
138 959 105 952
824 473 853 491
108 470 106 450
474 690 476 666
231 773 211 779
188 930 179 936
680 565 695 589
691 973 706 998
362 290 402 317
97 962 110 990
720 765 687 765
97 385 73 400
700 844 737 821
767 181 729 154
768 254 754 293
249 27 243 68
727 889 700 925
772 379 803 389
605 716 635 681
504 759 531 737
207 975 174 995
879 798 909 829
658 166 634 197
237 468 232 431
462 570 455 576
565 366 569 395
455 576 457 536
44 980 47 963
40 514 41 535
510 257 522 217
866 276 827 291
750 883 718 921
59 721 65 701
54 414 73 400
489 631 506 604
769 50 777 55
30 856 73 876
259 456 249 463
333 183 314 148
371 691 392 660
351 342 336 313
263 159 284 127
307 918 306 965
835 284 808 293
422 445 428 471
328 599 338 615
455 710 493 694
303 364 315 392
949 609 928 586
727 889 768 874
361 140 401 160
651 282 644 235
88 777 69 731
737 689 733 708
635 681 626 657
248 503 251 489
565 78 543 121
857 81 817 65
388 993 401 949
432 937 435 955
798 792 811 758
307 602 295 596
391 246 412 222
648 823 667 847
725 850 700 844
185 441 174 393
307 602 283 573
17 648 35 639
276 58 259 59
607 472 573 471
222 490 222 497
215 174 255 178
615 189 634 147
529 329 505 369
450 155 470 188
553 800 562 793
903 294 886 313
993 278 961 311
54 414 17 430
529 329 547 367
970 57 974 8
681 183 668 167
285 968 301 982
677 655 717 675
75 695 59 721
504 651 459 652
213 236 176 226
384 110 369 127
795 291 807 313
522 95 531 102
680 565 650 534
374 442 373 432
885 353 854 357
38 784 75 785
36 964 31 976
526 449 537 450
705 768 685 783
541 398 533 367
421 671 392 660
239 844 242 853
7 39 29 61
863 196 840 217
160 990 174 995
117 255 147 252
920 723 920 762
200 145 221 151
680 565 669 559
885 353 860 317
20 329 65 329
53 199 82 223
269 836 281 806
470 188 454 180
375 880 392 903
381 15 410 52
365 254 360 263
155 350 174 366
60 993 68 990
964 456 957 476
950 868 923 846
522 793 542 791
817 65 819 107
625 350 624 346
350 954 370 977
472 156 470 188
285 410 315 392
434 768 437 737
879 419 892 435
438 306 472 315
412 308 440 345
675 84 661 81
717 317 762 304
669 559 641 563
438 430 447 432
603 72 613 89
473 683 459 690
306 965 301 982
402 698 402 720
697 377 662 383
815 501 821 547
795 291 816 252
231 773 219 740
562 570 579 533
327 586 339 549
263 769 224 798
964 456 967 497
275 425 271 413
958 156 914 174
743 115 729 154
383 631 381 593
588 432 573 471
819 43 833 28
243 228 276 245
427 28 418 35
215 174 180 168
162 134 180 168
259 456 248 503
739 341 717 317
76 783 38 784
463 636 459 652
269 836 274 849
286 901 307 915
743 713 765 672
465 906 432 937
931 590 928 586
436 898 442 853
434 213 470 188
634 97 661 81
669 559 673 602
125 638 143 636
792 77 813 59
403 712 414 712
436 898 425 905
436 969 425 963
19 568 6 590
921 386 937 398
527 841 573 859
221 680 191 685
68 660 65 701
65 701 65 694
380 411 407 387
84 835 67 859
942 908 971 895
647 457 679 495
510 257 537 240
471 715 437 737
662 383 638 383
390 443 410 458
889 40 861 73
827 856 824 882
239 844 269 836
815 501 793 515
692 894 696 883
942 908 928 913
720 765 739 807
318 297 269 302
725 466 710 433
639 312 615 295
30 856 9 820
169 908 148 868
505 699 516 690
259 442 232 431
810 236 816 252
527 651 560 671
405 928 435 955
563 304 599 301
348 51 345 7
691 580 695 589
108 470 121 430
900 916 927 910
923 839 947 864
295 261 331 278
409 160 372 128
787 656 789 630
401 463 379 492
615 365 623 349
239 844 247 828
403 712 402 720
966 229 966 199
285 968 251 985
375 986 388 993
547 90 555 85
504 759 539 770
728 725 765 727
680 565 691 580
891 532 884 519
166 228 142 186
329 80 337 48
565 78 555 85
425 963 402 992
76 783 88 777
237 562 203 580
188 930 186 897
465 13 427 28
927 238 938 204
392 903 374 896
798 792 819 806
355 278 391 246
370 592 377 606
596 592 566 629
651 282 615 295
498 108 478 85
464 137 501 113
836 7 828 16
539 587 566 629
33 814 30 856
427 977 452 986
149 783 110 780
705 768 696 782
879 419 867 454
596 371 615 365
601 337 599 301
691 973 668 945
678 846 682 831
343 801 377 791
426 505 457 536
916 538 922 576
260 400 271 413
924 627 926 618
662 383 668 412
976 916 971 895
282 110 284 127
966 229 943 256
840 363 854 357
971 504 964 456
938 861 971 895
29 61 54 70
307 918 307 915
663 859 643 863
469 533 508 515
527 651 516 628
405 928 432 937
793 980 795 978
966 229 952 265
562 793 542 791
670 783 670 781
761 10 721 21
792 526 813 527
520 414 561 402
885 353 886 313
376 766 377 791
787 656 755 634
564 868 531 877
593 172 569 170
339 549 368 586
604 378 561 402
708 412 668 412
2 925 35 944
112 560 115 561
768 874 729 860
525 899 531 877
984 802 986 825
55 731 69 731
483 138 512 112
967 497 971 534
678 846 653 870
896 696 868 728
378 46 381 15
798 792 821 792
668 945 644 937
380 411 390 443
455 710 459 690
920 723 926 709
615 365 624 346
110 218 82 223
188 965 179 936
566 629 571 610
614 610 626 657
885 353 871 344
165 509 169 502
711 488 674 516
2 837 9 820
142 954 188 965
659 401 638 386
369 236 365 254
551 938 568 979
466 77 468 69
639 118 661 81
89 63 80 54
615 866 615 825
69 823 94 817
531 102 489 110
96 440 73 416
436 898 432 937
796 970 793 980
363 601 377 606
465 906 436 898
377 547 346 521
492 174 470 188
373 484 372 525
782 526 794 573
886 105 929 117
581 132 543 121
401 949 435 955
30 927 38 943
374 442 383 470
528 5 547 29
205 601 203 580
188 965 173 923
512 112 501 113
85 42 54 70
807 313 827 291
489 631 459 652
381 15 399 44
53 570 20 593
842 719 819 700
620 433 635 459
31 241 27 243
222 490 248 503
677 766 650 774
84 829 67 859
260 400 232 431
438 430 455 466
472 156 492 174
189 225 176 226
231 597 203 580
330 807 281 806
65 329 75 294
95 227 117 255
379 492 372 525
888 669 842 664
734 571 739 595
691 973 688 951
215 13 185 49
197 500 215 521
929 803 909 829
55 731 76 706
32 724 50 710
792 170 820 194
990 779 1000 819
866 276 860 317
551 938 571 977
75 785 110 780
819 43 815 4
69 82 28 108
596 371 638 383
249 463 251 489
792 526 815 501
369 127 377 94
596 371 569 395
768 835 797 836
733 708 736 668
249 27 247 75
769 50 761 10
970 594 958 562
361 140 369 127
464 4 485 9
338 640 345 688
984 722 981 747
45 362 73 400
837 379 822 415
691 973 656 998
795 291 754 293
514 61 555 85
188 931 188 965
636 684 635 681
792 526 810 547
288 613 295 596
357 600 338 615
846 460 848 436
374 534 377 547
489 513 508 515
235 336 269 302
812 586 810 547
337 48 310 35
527 651 516 690
128 193 110 218
371 691 345 688
668 167 634 197
134 221 117 255
894 602 926 618
657 613 695 589
633 642 647 654
516 628 504 651
376 766 339 772
41 535 19 568
781 698 743 713
448 284 412 308
345 501 332 512
539 587 552 627
215 174 221 151
970 57 972 21
886 881 840 862
913 57 937 83
42 812 75 785
872 13 833 28
647 961 644 937
762 333 770 333
768 835 739 807
926 618 928 586
958 156 966 199
458 389 469 373
219 740 222 774
691 973 700 925
425 963 427 977
852 892 827 856
214 883 186 897
169 502 175 506
858 902 900 916
679 847 682 831
703 574 695 589
134 221 147 252
327 586 363 601
554 251 595 230
384 110 417 135
612 191 595 230
453 611 459 652
701 193 695 159
450 155 456 136
58 8 56 16
246 360 235 336
263 769 311 763
379 492 426 505
739 341 762 333
528 788 542 791
390 550 405 594
854 394 854 357
516 628 552 627
742 674 743 713
593 172 581 132
371 691 358 702
318 297 288 276
398 532 377 547
568 979 604 960
922 576 873 585
797 836 798 837
117 255 82 223
688 951 700 925
386 544 368 586
554 767 531 737
281 993 251 985
596 371 604 378
756 530 793 515
448 284 477 308
150 417 135 458
648 823 650 774
913 57 940 31
199 914 188 930
136 567 120 526
476 666 459 652
802 748 765 727
453 585 421 571
854 913 824 882
821 547 813 527
837 379 854 394
30 856 67 859
155 350 136 369
688 951 691 907
383 631 377 606
388 727 354 719
579 685 555 696
224 798 247 828
950 868 971 895
692 894 691 907
68 990 97 962
284 859 286 901
248 503 215 521
471 715 479 714
701 193 730 223
693 732 728 725
50 570 41 535
191 685 190 637
394 16 418 35
591 171 569 170
560 671 516 690
53 570 55 527
923 846 909 829
266 575 288 613
95 227 82 223
629 426 661 448
651 282 652 282
811 758 821 792
708 412 698 387
76 706 120 727
311 763 339 772
112 560 112 576
906 234 899 244
345 501 308 496
776 71 769 91
75 695 68 660
394 16 345 7
695 159 716 142
417 135 403 107
78 164 60 133
593 693 605 716
213 236 189 225
536 950 508 980
483 138 472 156
261 615 231 597
929 117 886 125
735 313 739 341
821 547 810 547
197 375 174 393
562 793 554 767
153 553 148 550
213 236 226 266
676 644 657 613
350 954 306 965
167 101 162 134
815 501 813 527
720 765 693 732
374 534 372 525
263 159 221 151
277 643 297 632
695 429 706 465
926 709 952 713
403 712 437 737
402 698 414 712
921 386 885 353
466 77 489 110
50 570 19 568
553 800 527 841
59 721 32 724
817 65 861 73
812 586 834 591
504 759 522 793
470 188 494 202
332 512 308 496
394 16 381 15
615 866 600 865
139 117 162 134
139 117 167 101
923 839 909 829
142 954 173 923
846 460 853 491
516 628 506 604
329 80 329 119
158 661 143 636
813 59 819 43
819 43 828 16
263 159 301 142
168 750 171 777
67 859 94 817
754 574 744 531
53 570 58 608
96 440 121 430
726 609 697 588
938 394 961 353
282 110 247 75
714 492 744 531
2 925 38 943
845 123 807 123
563 304 605 288
629 426 638 386
261 615 266 575
761 995 736 981
111 949 142 954
383 631 392 660
739 595 703 574
562 793 574 807
86 287 75 294
569 395 547 367
508 980 493 971
505 369 513 340
684 546 650 534
851 501 884 519
990 779 981 747
772 379 762 333
533 367 504 388
874 108 886 125
592 453 620 433
815 501 782 526
457 780 434 768
531 107 512 112
474 690 504 651
410 458 428 471
624 346 638 383
581 712 593 693
142 184 142 186
7 39 1 47
162 79 172 73
337 257 295 261
776 71 810 90
786 434 803 389
647 961 668 945
264 900 286 901
276 245 288 276
222 497 215 521
734 571 703 574
714 805 737 821
339 772 331 737
529 329 515 307
384 110 372 128
114 524 120 526
702 12 721 21
149 783 171 777
854 394 877 416
739 940 736 981
398 532 437 518
701 193 739 162
44 980 31 976
357 600 328 599
96 440 108 470
615 866 653 870
639 312 651 282
644 235 652 282
607 472 647 457
378 46 399 44
514 61 547 90
510 257 554 251
390 550 398 532
856 461 853 491
714 492 725 466
994 197 966 199
246 360 260 400
200 145 226 144
355 278 360 263
434 213 454 180
846 460 824 473
136 567 148 550
903 294 866 276
266 575 283 573
562 793 557 820
76 783 110 780
276 58 247 75
720 765 728 788
153 518 175 522
307 602 327 586
948 9 972 21
526 449 525 440
680 731 693 732
58 608 35 639
431 844 442 853
938 204 936 240
266 575 237 562
908 40 889 40
767 735 728 725
190 637 143 636
85 42 80 54
848 436 866 428
984 722 948 700
525 622 506 604
174 366 136 369
369 905 374 896
568 979 562 982
508 681 506 667
285 410 334 419
440 345 420 370
894 602 924 627
170 898 179 936
50 570 20 593
358 702 345 688
900 916 946 932
647 654 636 684
696 883 700 925
58 8 79 12
603 572 571 610
339 549 346 521
45 362 41 404
579 685 593 693
857 81 861 73
409 160 401 160
596 592 603 572
692 894 681 912
670 783 685 783
938 394 946 403
82 438 54 414
648 823 643 863
720 765 714 805
934 139 914 174
329 119 314 148
450 155 454 180
762 304 762 333
726 609 739 595
383 631 405 594
96 440 87 455
797 679 765 672
769 50 776 71
970 594 998 631
263 769 281 806
588 161 581 132
729 860 735 880
681 912 668 945
284 127 284 117
448 284 438 306
527 841 531 877
288 276 331 278
214 378 232 343
601 337 605 288
211 911 214 883
207 975 251 985
742 674 765 672
168 799 171 777
952 265 993 278
160 990 142 954
32 724 6 702
592 453 573 471
836 7 882 4
143 636 114 628
522 217 562 207
551 938 589 960
345 7 381 15
520 414 525 440
886 105 861 73
412 308 438 306
949 609 924 627
896 696 868 686
883 987 926 984
332 512 329 517
551 938 559 929
59 721 40 738
253 501 248 503
594 359 569 395
150 417 121 430
590 31 603 72
68 990 110 990
405 594 421 571
471 715 493 694
448 284 475 296
190 517 215 521
539 770 554 767
795 291 762 304
974 8 972 21
827 291 808 293
925 776 929 803
934 139 929 117
263 159 255 178
603 572 614 610
588 432 629 426
512 112 543 121
629 426 638 383
354 719 345 688
949 609 926 618
504 651 476 666
835 379 822 415
248 254 227 271
697 97 743 115
647 961 614 976
416 722 402 720
948 700 961 710
587 742 554 767
892 435 936 441
160 990 138 959
288 4 310 35
200 145 162 134
786 434 822 415
976 968 985 960
235 691 230 650
670 783 650 774
259 59 266 44
971 504 967 497
328 599 314 624
555 85 543 121
813 59 777 55
669 559 650 534
388 727 402 720
95 623 143 636
306 995 301 982
465 13 464 4
462 857 442 853
388 448 383 470
58 608 95 623
457 780 449 812
117 255 146 289
97 385 136 369
376 766 388 727
755 634 789 630
84 829 94 817
867 454 898 475
146 289 100 304
69 82 72 119
536 950 496 948
302 358 315 392
135 337 136 367
633 642 614 610
743 713 765 727
696 883 729 860
136 710 120 727
812 586 789 630
277 643 230 650
514 61 522 95
197 500 175 506
477 308 515 307
462 959 452 986
146 289 146 305
768 835 737 821
691 580 703 574
466 561 457 536
852 892 886 881
248 254 276 245
345 501 346 521
651 282 630 269
966 229 936 240
462 857 431 844
986 825 1000 819
450 155 464 137
695 429 710 433
426 86 468 69
706 465 710 433
721 21 703 20
720 765 705 768
756 530 781 554
288 4 249 27
719 741 728 725
638 386 638 383
222 490 237 468
840 363 803 389
379 492 383 470
458 389 447 432
77 256 82 223
921 386 919 341
176 226 147 252
886 105 857 81
659 401 661 448
75 695 76 706
428 3 427 28
38 784 60 779
803 234 820 194
95 227 134 221
743 115 769 91
68 660 95 623
639 118 634 147
725 850 737 821
815 4 828 16
499 359 504 388
336 313 362 290
125 638 95 623
647 457 635 459
810 90 819 107
329 80 348 51
477 308 499 340
86 287 100 304
577 641 583 615
766 42 776 71
458 389 440 345
462 570 471 613
794 573 810 547
766 42 721 21
69 82 80 54
440 345 402 317
680 731 657 719
162 79 180 86
465 906 462 857
577 641 560 671
84 829 69 823
36 964 35 944
453 585 455 576
284 127 301 142
153 553 136 567
842 719 802 748
463 636 453 611
706 998 736 981
186 897 179 936
525 899 556 929
86 287 77 256
827 856 840 862
976 968 946 932
314 624 338 615
588 161 569 170
817 65 833 28
566 629 583 615
2 925 13 911
793 515 782 526
677 766 687 765
692 894 700 925
625 350 623 349
908 40 940 31
253 501 259 456
797 679 789 630
327 586 283 573
792 170 807 123
527 841 567 855
477 308 472 315
405 928 392 903
85 42 56 16
767 735 719 741
585 829 567 855
375 880 374 896
329 80 310 35
462 959 435 955
459 652 471 613
725 466 706 465
426 505 434 487
706 291 717 317
106 450 121 430
53 570 50 570
426 505 455 466
114 576 115 561
700 583 695 589
290 48 282 63
318 297 336 313
733 708 743 713
681 183 692 191
112 560 136 567
783 406 772 379
528 5 570 15
231 773 263 769
845 123 857 81
737 689 736 668
846 460 856 461
533 367 529 329
264 900 307 918
47 963 68 990
290 48 310 35
449 812 448 827
221 151 220 160
373 484 379 492
221 680 230 650
695 429 668 412
871 344 854 357
522 217 494 202
165 509 175 506
581 712 587 742
734 571 754 574
369 236 412 222
363 601 368 586
872 13 882 4
214 378 197 375
583 581 603 572
155 350 197 375
527 651 552 627
871 344 840 363
139 117 136 88
207 975 188 965
916 538 950 526
970 57 940 31
288 4 290 48
68 660 35 639
531 107 543 121
20 158 60 133
288 613 314 624
136 567 114 576
727 889 750 883
149 783 168 799
871 945 900 916
379 540 374 534
28 108 24 104
861 917 871 933
920 762 929 803
848 494 853 491
388 993 420 963
261 615 288 613
697 588 657 613
706 465 684 493
684 546 703 574
650 735 650 774
886 105 874 108
804 789 821 792
505 699 531 737
259 59 249 27
916 538 891 532
330 238 369 236
506 667 504 651
591 171 588 161
623 349 638 383
886 105 886 125
883 987 871 945
237 562 283 573
836 7 872 13
836 7 815 4
380 847 375 880
79 12 120 1
522 95 547 90
21 418 17 430
337 257 331 278
36 964 47 963
Dungeon:
   Graph:
         Size: 1
            0: []

Nodes:
   Edges: []
   Graph:
         Size: 1000
            0: [514, 204]
            1: [362, 747, 772, 268, 574, 525]
            2: [9, 547, 246]
            3: [408, 676]
            4: [768, 802, 970, 410, 22]
            5: [380, 460, 586, 718]
            6: [27, 325, 96, 279]
            7: [323, 817]
            8: [236, 644, 697, 645]
            9: [246, 2, 212, 547]
           10: [823]
           11: [70, 90]
           12: [65]
           13: [340, 458, 46, 730]
           14: [500, 930]
           15: [674, 55, 978]
           16: [568, 338]
           17: [366, 97, 355, 435, 382]
           18: [257, 932, 897]
           19: [950, 299, 846, 474, 827]
           20: [835, 610, 542, 350]
           21: [213, 766, 982]
           22: [410, 4]
           23: [828, 345]
           24: [319, 32, 850]
           25: [272, 669, 724]
           26: [804, 834, 102, 457, 672]
           27: [6, 291, 219]
           28: [876, 541]
           29: [864, 771]
           30: [35, 389, 256, 160, 931, 840]
           31: [552, 438, 377, 374]
           32: [24, 899]
           33: [407]
           34: [57, 791, 666]
           35: [30, 567, 330]
           36: [759, 543, 930, 894, 300]
           37: [777, 735, 400]
           38: [463, 957, 580]
           39: [509, 812, 498, 537, 599]
           40: [355]
           41: [240, 919, 699]
           42: [594, 875, 485]
           43: [820]
           44: [411, 743, 386]
           45: [796, 836, 61]
           46: [594, 914, 340, 13]
           47: [828]
           48: [511, 459, 490]
           49: [952, 686]
           50: [324, 412, 643]
           51: [547, 257, 212]
           52: [324, 439, 560, 706, 525]
           53: [329, 337]
           54: [975, 301]
           55: [803, 15]
           56: [317, 749]
           57: [34, 794, 438, 608]
           58: [530, 842, 972, 693]
           59: [434]
           60: [305, 482, 225]
           61: [531, 113, 914, 45]
           62: [98, 972, 326, 245, 530]
           63: [476, 495, 229]
           64: [366]
           65: [714, 106, 12, 171, 860]
           66: [365, 900, 801]
           67: [163]
           68: [802, 288]
           69: [399, 360, 483, 477]
           70: [451, 90, 11]
           71: [704]
           72: [622, 158, 784]
           73: [793]
           74: [704]
           75: [942, 739, 95, 314]
           76: [607, 990, 310, 118]
           77: [183, 998]
           78: [510, 112, 679]
           79: [704, 578]
           80: [90, 86]
           81: [757, 587, 683]
           82: [625, 756, 146]
           83: [242, 564]
           84: [941, 617, 736]
           85: [388, 614, 119]
           86: [90, 888, 80]
           87: [419, 281]
           88: [835, 695]
           89: [171, 859, 865, 346, 203]
           90: [86, 70, 449, 80, 11]
           91: [676]
           92: [832, 626]
           93: [439, 525, 186, 819]
           94: [512, 979, 843, 542]
           95: [75, 267, 484, 739]
           96: [279, 6]
           97: [136, 126, 17, 728, 394]
           98: [62, 693]
           99: [953, 413]
          100: [442, 234, 588, 715, 122, 437, 390, 228, 295]
          101: [431, 122, 643]
          102: [192, 905, 568, 26, 430]
          103: [678, 789]
          104: [179]
          105: [181, 196, 600, 777]
          106: [65, 860, 420, 714]
          107: [468, 161]
          108: [213, 451, 392, 766, 515]
          109: [834, 637]
          110: [221, 487]
          111: [951, 402, 778]
          112: [78, 740]
          113: [639, 61, 429]
          114: [955, 663, 642, 882]
          115: [425, 911, 178, 370, 638]
          116: [880, 582, 712, 716]
          117: [923, 999, 304]
          118: [597, 538, 76]
          119: [589, 85, 615, 388]
          120: [791, 162, 575]
          121: [925, 620, 448]
          122: [390, 100, 101]
          123: [906, 918]
          124: [148, 656, 478]
          125: [138, 681, 235]
          126: [97, 344, 552, 263, 901]
          127: [702, 383]
          128: [176, 307]
          129: [443, 154]
          130: [151, 866, 783, 872]
          131: [260, 837]
          132: [871]
          133: [708, 348, 630]
          134: [419, 473]
          135: [538]
          136: [97, 263]
          137: [801, 143]
          138: [125, 508, 786]
          139: [191, 290, 703, 227]
          140: [879, 314, 739, 798]
          141: [148, 478]
          142: [379, 671, 262, 504]
          143: [164, 764, 137, 801]
          144: [752, 384]
          145: [618, 964]
          146: [375, 756, 82, 657]
          147: [222]
          148: [198, 141, 124, 478]
          149: [482]
          150: [828, 861]
          151: [130, 872, 395, 658]
          152: [808, 224]
          153: [565, 845, 664]
          154: [129, 961, 443]
          155: [764, 798, 450]
          156: [286, 385, 559]
          157: [648, 476]
          158: [215, 821, 72, 622]
          159: [704]
          160: [30, 931, 256]
          161: [503, 570, 521, 107, 534]
          162: [589, 120]
          163: [239, 204, 403, 67]
          164: [143, 708, 900]
          165: [331, 505]
          166: [870]
          167: [173]
          168: [294, 526, 732]
          169: [370, 991, 638, 732, 178]
          170: [612, 948, 903]
          171: [89, 722, 371, 755, 203, 65, 859]
          172: [653, 611, 867, 848]
          173: [544, 887, 167]
          174: [252, 231]
          175: [250, 558, 680, 321, 949]
          176: [128, 207, 307]
          177: [532, 276]
          178: [371, 911, 115, 169]
          179: [541, 104, 925, 876]
          180: [779, 904, 908, 801]
          181: [629, 105, 777]
          182: [184, 416, 868]
          183: [998, 77]
          184: [628, 182, 590, 606, 787]
          185: [506, 618, 555]
          186: [93, 633]
          187: [391]
          188: [406, 206, 684, 870]
          189: [881, 642, 320]
          190: [261, 701, 453, 938]
          191: [139, 227, 480, 688, 691, 556]
          192: [102, 974, 338, 568]
          193: [933, 546]
          194: [674]
          195: [861, 368, 846, 849]
          196: [917, 105, 383]
          197: [265]
          198: [148, 928, 862, 588]
          199: [925, 797, 753]
          200: [694]
          201: [515, 757, 451]
          202: [334]
          203: [171, 859, 89]
          204: [239, 163, 0]
          205: [489, 322, 492]
          206: [406, 684, 649, 188, 634]
          207: [176]
          208: [658, 333, 236]
          209: [504, 946, 452, 375]
          210: [323, 222, 912]
          211: [305, 699, 679]
          212: [257, 547, 9, 246, 51]
          213: [108, 21, 766, 617, 303]
          214: [712, 880]
          215: [821, 158, 814]
          216: [606]
          217: [769, 436, 746, 363]
          218: [475, 872, 717, 866]
          219: [989, 27, 342]
          220: [292, 673]
          221: [405, 487, 110]
          222: [563, 147, 481, 210]
          223: [274, 300, 705, 655]
          224: [924, 152, 997, 259, 793, 514, 239]
          225: [414, 926, 60]
          226: [437, 724]
          227: [191, 480, 290, 139]
          228: [669, 935, 643, 100]
          229: [770, 495, 940, 63, 921]
          230: [424, 613, 401]
          231: [565, 174]
          232: [277, 474]
          233: [980, 985, 683, 258]
          234: [100, 724, 715]
          235: [564, 125]
          236: [8, 645, 208]
          237: [733, 429, 820]
          238: [730, 531]
          239: [163, 204, 403, 224]
          240: [41, 696, 699]
          241: [421, 646]
          242: [83, 640, 762]
          243: [426]
          244: [947]
          245: [326, 62]
          246: [9, 2, 347, 414, 212]
          247: [932]
          248: [350, 389]
          249: [536, 912, 788, 581]
          250: [175, 853, 680]
          251: [780, 276, 528, 532]
          252: [174, 893]
          253: [869]
          254: [647]
          255: [721, 995, 877]
          256: [30, 160]
          257: [212, 18, 51]
          258: [980, 233]
          259: [224, 922]
          260: [852, 131, 677]
          261: [190, 610, 453]
          262: [504, 142, 452, 297]
          263: [136, 126, 344]
          264: [618, 664, 561, 445]
          265: [489, 676, 197, 892, 266]
          266: [839, 751, 790, 265]
          267: [739, 980, 95]
          268: [1, 525, 560]
          269: [971, 998]
          270: [628, 689, 822]
          271: [550, 970]
          272: [295, 25]
          273: [311, 429]
          274: [223, 986, 806, 758]
          275: [863, 750]
          276: [251, 753, 797, 177, 925]
          277: [232, 474, 514]
          278: [862, 437, 359]
          279: [96, 6]
          280: [436, 760, 876]
          281: [631, 87, 726]
          282: [825, 367, 330]
          283: [575]
          284: [997]
          285: [480, 691]
          286: [156, 713, 559, 665]
          287: [317, 425]
          288: [802, 832, 815, 626, 68]
          289: [434, 764]
          290: [139, 480, 227]
          291: [27, 426]
          292: [220, 913]
          293: [985, 683]
          294: [168, 415]
          295: [935, 272, 669, 910, 100]
          296: [889, 467, 621, 423]
          297: [881, 943, 262, 452]
          298: [800, 890, 584, 416]
          299: [19, 368, 950]
          300: [223, 930, 36]
          301: [608, 666, 54]
          302: [644]
          303: [392, 213, 632]
          304: [923, 117, 306]
          305: [211, 60]
          306: [304]
          307: [128, 393, 176]
          308: [949, 853]
          309: [938, 407, 830]
          310: [923, 927, 909, 381, 76]
          311: [727, 733, 273, 914]
          312: [820, 427, 906]
          313: [406, 895]
          314: [140, 942, 75, 798]
          315: [555, 994, 703, 845]
          316: [364, 763, 632]
          317: [56, 287]
          318: [351, 587, 515]
          319: [24, 619, 899]
          320: [327, 642, 189]
          321: [688, 175, 558]
          322: [205]
          323: [7, 817, 210, 563]
          324: [50, 52, 580, 957]
          325: [6, 365]
          326: [562, 62, 245, 933]
          327: [601, 320, 955]
          328: [871, 526]
          329: [53]
          330: [389, 282, 567, 367, 998, 35]
          331: [953, 165, 711]
          332: [851, 982, 624, 738]
          333: [658, 208]
          334: [641, 403, 202]
          335: [500]
          336: [984]
          337: [440, 53, 721]
          338: [568, 16, 192]
          339: [913]
          340: [458, 13, 46]
          341: [544, 546]
          342: [496, 219]
          343: [761]
          344: [614, 126, 263]
          345: [415, 23, 855]
          346: [755, 865, 89]
          347: [414, 246]
          348: [133, 630, 708]
          349: [850]
          350: [248, 367, 610, 462, 958, 20]
          351: [807, 318, 407]
          352: [668, 353]
          353: [352, 969, 668, 837]
          354: [785]
          355: [435, 40, 17]
          356: [940]
          357: [612]
          358: [873]
          359: [622, 278]
          360: [522, 741, 818, 517, 69, 554, 891]
          361: [532, 571]
          362: [1, 775, 772, 720]
          363: [760, 217, 436]
          364: [316, 754]
          365: [66, 325]
          366: [441, 17, 64, 799, 372]
          367: [350, 282, 673, 330, 825, 916]
          368: [195, 299, 849]
          369: [734, 534]
          370: [169, 638, 115]
          371: [171, 178, 991, 911, 755]
          372: [382, 366]
          373: [650, 837]
          374: [975, 856, 428, 418, 31]
          375: [657, 146, 577, 593, 209, 452]
          376: [534, 734, 468]
          377: [608, 428, 551, 438, 31]
          378: [597, 607]
          379: [969, 142]
          380: [599, 5, 586]
          381: [310, 923, 507]
          382: [372, 17]
          383: [917, 127, 196]
          384: [752, 413, 144]
          385: [884, 156, 844, 629, 678]
          386: [745, 413, 44]
          387: [408, 925, 676, 491]
          388: [85, 615, 981, 119]
          389: [330, 30, 462, 567, 248]
          390: [122, 100]
          391: [987, 187]
          392: [303, 108, 632, 515, 407]
          393: [307, 971]
          394: [97]
          395: [872, 627, 569, 151]
          396: [916, 971]
          397: [795, 895]
          398: [498]
          399: [69, 891, 481, 477]
          400: [735, 774, 402, 951, 777, 37]
          401: [230]
          402: [400, 111, 774, 735]
          403: [997, 163, 334, 239]
          404: [627, 475, 778]
          405: [465, 221]
          406: [206, 634, 188, 313, 598]
          407: [938, 33, 309, 392, 351]
          408: [3, 925, 448, 387, 620]
          409: [590, 416]
          410: [22, 768, 970, 4]
          411: [743, 44]
          412: [643, 50]
          413: [996, 384, 505, 602, 99, 646, 386]
          414: [225, 347, 246]
          415: [294, 345]
          416: [182, 868, 590, 409, 298, 800]
          417: [596]
          418: [428, 374]
          419: [87, 134]
          420: [603, 106]
          421: [646, 241]
          422: [848, 867]
          423: [557, 604, 889, 296]
          424: [230, 976, 533, 580]
          425: [115, 638, 287]
          426: [899, 243, 291]
          427: [312, 918, 906, 941]
          428: [377, 418, 374]
          429: [273, 237, 113, 639]
          430: [908, 905, 102]
          431: [656, 101, 572]
          432: [738, 456, 493]
          433: [653, 848]
          434: [527, 59, 289, 814]
          435: [355, 17]
          436: [217, 280, 760, 363, 566]
          437: [588, 226, 862, 100, 278]
          438: [614, 794, 31, 57, 377]
          439: [93, 886, 52, 525, 633]
          440: [337, 815, 832]
          441: [366, 613, 799]
          442: [100]
          443: [497, 129, 961, 154]
          444: [887]
          445: [553, 264, 561]
          446: [456]
          447: [603]
          448: [408, 121, 925]
          449: [710, 90]
          450: [764, 746, 155]
          451: [515, 70, 108, 766, 201]
          452: [504, 209, 262, 375, 297]
          453: [190, 673, 261]
          454: [501, 605]
          455: [589]
          456: [446, 432, 851, 888, 847, 579]
          457: [549, 26]
          458: [340, 740, 13]
          459: [920, 944, 48]
          460: [936, 718, 586, 5, 790, 939, 858]
          461: [855, 714, 603]
          462: [577, 840, 389, 350]
          463: [685, 38, 813, 724, 965]
          464: [918, 736, 754]
          465: [806, 405]
          466: [865, 670, 848]
          467: [296]
          468: [107, 734, 376]
          469: [593, 979]
          470: [660]
          471: [620, 648, 476]
          472: [944, 842, 873]
          473: [726, 134]
          474: [232, 277, 19]
          475: [218, 404, 917, 717]
          476: [648, 63, 921, 157, 471]
          477: [481, 399, 761, 69]
          478: [124, 148, 141]
          479: [906, 833, 820, 843, 960, 829]
          480: [191, 691, 227, 285, 290, 786]
          481: [563, 477, 222, 399]
          482: [679, 707, 149, 60]
          483: [517, 69, 686, 902]
          484: [95]
          485: [791, 575, 898, 42]
          486: [882, 983]
          487: [221, 549, 110]
          488: [776, 731, 854, 500, 904]
          489: [205, 265, 937, 492]
          490: [601, 623, 983, 48]
          491: [937, 387]
          492: [205, 489]
          493: [613, 518, 432, 799, 968]
          494: [557]
          495: [921, 63, 229]
          496: [342, 903, 816]
          497: [443, 771]
          498: [398, 885, 892, 939, 599, 39]
          499: [974]
          500: [14, 930, 335, 731, 535, 488, 854, 595]
          501: [652, 454]
          502: [682, 674]
          503: [725, 161, 521]
          504: [452, 209, 946, 262, 657, 142]
          505: [413, 711, 165]
          506: [185]
          507: [923, 641, 381]
          508: [564, 138]
          509: [39, 537, 916]
          510: [78, 824]
          511: [48, 920, 716]
          512: [979, 542, 835, 94]
          513: [752]
          514: [0, 277, 224]
          515: [201, 451, 318, 392, 108]
          516: [830, 701]
          517: [360, 483, 818]
          518: [493]
          519: [746, 535, 841]
          520: [524, 598, 870, 795]
          521: [161, 503]
          522: [360]
          523: [976, 968]
          524: [520, 795, 661]
          525: [93, 1, 268, 439, 52]
          526: [168, 328]
          527: [434]
          528: [571, 753, 780, 251]
          529: [667, 893]
          530: [58, 62]
          531: [238, 61, 730]
          532: [361, 177, 251]
          533: [968, 976, 424]
          534: [570, 369, 376, 161, 734]
          535: [500, 519, 595]
          536: [249, 788]
          537: [509, 39]
          538: [135, 118, 909, 874]
          539: [762, 640, 573]
          540: [810, 887]
          541: [179, 876, 28]
          542: [512, 20, 94, 610]
          543: [36, 759]
          544: [173, 546, 341, 887]
          545: [602, 850, 996]
          546: [544, 690, 193, 341]
          547: [2, 212, 51, 9]
          548: [698, 789, 618]
          549: [457, 487]
          550: [271]
          551: [377]
          552: [31, 901, 126]
          553: [445, 555]
          554: [741, 896, 360, 929]
          555: [688, 315, 553, 185]
          556: [994, 191]
          557: [494, 604, 423]
          558: [175, 321]
          559: [844, 286, 156]
          560: [772, 268, 52]
          561: [845, 664, 264, 445]
          562: [972, 811, 326]
          563: [222, 481, 891, 323]
          564: [508, 235, 83]
          565: [153, 231]
          566: [596, 436]
          567: [35, 330, 389]
          568: [102, 338, 16, 974, 192]
          569: [395]
          570: [534, 694, 161]
          571: [528, 907, 361, 780]
          572: [711, 431]
          573: [762, 640, 539]
          574: [720, 1]
          575: [283, 485, 919, 120]
          576: [641, 999]
          577: [462, 375, 695, 840]
          578: [704, 79]
          579: [847, 456]
          580: [324, 965, 38, 424]
          581: [987, 788, 249]
          582: [947, 116, 712]
          583: [869, 651]
          584: [298]
          585: [802, 815, 712]
          586: [460, 858, 5, 380]
          587: [81, 318, 985, 757]
          588: [437, 100, 862, 198]
          589: [162, 119, 773, 455, 878]
          590: [184, 409, 416]
          591: [828]
          592: [771]
          593: [469, 979, 375, 695]
          594: [46, 42, 875]
          595: [776, 500, 535]
          596: [566, 417, 769]
          597: [118, 378]
          598: [406, 520]
          599: [498, 380, 812, 39, 992]
          600: [629, 105]
          601: [490, 327, 623]
          602: [545, 413]
          603: [420, 447, 883, 461]
          604: [889, 709, 557, 423]
          605: [928, 454]
          606: [184, 216, 881]
          607: [76, 378]
          608: [377, 301, 666, 57]
          609: [734]
          610: [350, 20, 261, 542]
          611: [172, 867]
          612: [170, 357, 948]
          613: [230, 493, 799, 441]
          614: [85, 878, 344, 438, 981, 794]
          615: [388, 119]
          616: [993]
          617: [736, 213, 84]
          618: [964, 145, 264, 185, 548]
          619: [319]
          620: [471, 121, 408, 925]
          621: [296, 902, 686]
          622: [72, 359, 710, 158]
          623: [704, 601, 490]
          624: [332, 888]
          625: [82, 756, 668, 960]
          626: [288, 92]
          627: [395, 404, 778]
          628: [184, 270, 663, 881, 822]
          629: [181, 600, 385, 678]
          630: [708, 348, 133]
          631: [281, 749, 675, 700, 726]
          632: [736, 830, 392, 316, 763, 303]
          633: [643, 186, 886, 439]
          634: [406, 206]
          635: [750]
          636: [655, 804]
          637: [109]
          638: [169, 425, 370, 115]
          639: [113, 429]
          640: [242, 539, 573]
          641: [826, 334, 576, 507]
          642: [955, 320, 114, 881, 189]
          643: [633, 412, 228, 101, 50]
          644: [8, 302]
          645: [236, 8]
          646: [421, 413, 241]
          647: [254]
          648: [476, 157, 471]
          649: [206]
          650: [373]
          651: [583, 749]
          652: [501, 708]
          653: [172, 433]
          654: [748, 887, 690]
          655: [636, 223, 986]
          656: [431, 124]
          657: [375, 146, 756, 504]
          658: [783, 333, 208, 151]
          659: [996, 850]
          660: [470, 941, 723, 856]
          661: [524, 823]
          662: [719]
          663: [628, 114, 881]
          664: [561, 153, 264, 845]
          665: [713, 286]
          666: [608, 34, 301]
          667: [893, 529]
          668: [352, 756, 969, 625, 353]
          669: [228, 935, 295, 25]
          670: [865, 911, 466]
          671: [943, 142]
          672: [804, 26]
          673: [453, 367, 220]
          674: [194, 15, 729, 803, 502]
          675: [737, 631]
          676: [265, 91, 387, 751, 3]
          677: [837, 260, 952]
          678: [884, 103, 789, 385, 629]
          679: [956, 482, 707, 78, 211]
          680: [175, 698, 250]
          681: [125]
          682: [502]
          683: [233, 985, 81, 784, 293]
          684: [206, 188]
          685: [463, 965]
          686: [954, 952, 621, 483, 49]
          687: [851]
          688: [555, 321, 191]
          689: [270, 822]
          690: [546, 748, 933, 654]
          691: [480, 285, 191]
          692: [899]
          693: [98, 842, 58]
          694: [200, 570]
          695: [577, 88, 593]
          696: [240, 919]
          697: [8]
          698: [548, 680]
          699: [41, 240, 211]
          700: [631, 869]
          701: [190, 830, 516]
          702: [127]
          703: [139, 994, 315, 845]
          704: [578, 623, 74, 159, 79, 71]
          705: [223, 806]
          706: [775, 52, 772]
          707: [765, 679, 482]
          708: [630, 862, 133, 900, 652, 164, 928, 348]
          709: [604]
          710: [449, 809, 622]
          711: [572, 505, 331]
          712: [214, 116, 582, 585]
          713: [286, 665]
          714: [65, 855, 722, 106, 461]
          715: [100, 234]
          716: [920, 947, 511, 116]
          717: [917, 218, 475]
          718: [460, 5]
          719: [662, 902]
          720: [728, 574, 362]
          721: [995, 337, 255]
          722: [732, 171, 714, 991]
          723: [856, 941, 660]
          724: [234, 463, 25, 226]
          725: [503]
          726: [473, 281, 631]
          727: [311, 733]
          728: [720, 97]
          729: [978, 674]
          730: [238, 13, 531]
          731: [488, 500, 854, 904]
          732: [722, 169, 168]
          733: [311, 727, 237]
          734: [369, 609, 468, 534, 376]
          735: [400, 945, 778, 37, 402]
          736: [632, 617, 464, 84]
          737: [869, 675]
          738: [432, 782, 851, 332]
          739: [267, 75, 140, 95]
          740: [458, 915, 112]
          741: [554, 360, 818]
          742: [984]
          743: [411, 44]
          744: [968]
          745: [386]
          746: [841, 519, 450, 217]
          747: [1, 771]
          748: [933, 654, 690, 887, 811]
          749: [631, 56, 651]
          750: [275, 635]
          751: [266, 676]
          752: [384, 513, 144, 953]
          753: [528, 276, 199]
          754: [364, 464]
          755: [171, 346, 371]
          756: [625, 668, 146, 82, 657]
          757: [81, 201, 587]
          758: [274]
          759: [36, 999, 543]
          760: [363, 280, 436]
          761: [477, 343]
          762: [539, 845, 242, 573]
          763: [316, 830, 632]
          764: [838, 450, 143, 155, 798, 289]
          765: [707, 956]
          766: [213, 21, 108, 451]
          767: [977, 831, 934]
          768: [4, 410, 970]
          769: [217, 879, 596]
          770: [229, 940]
          771: [497, 592, 29, 747]
          772: [560, 1, 775, 362, 706]
          773: [589, 794]
          774: [400, 402]
          775: [706, 772, 362]
          776: [488, 595, 904]
          777: [951, 181, 37, 105, 400]
          778: [627, 735, 404, 111]
          779: [180, 801]
          780: [251, 528, 571]
          781: [843]
          782: [738]
          783: [130, 658]
          784: [809, 683, 72]
          785: [354]
          786: [480, 138]
          787: [881, 184]
          788: [536, 249, 581]
          789: [884, 548, 678, 103]
          790: [266, 460]
          791: [485, 120, 34]
          792: [943]
          793: [871, 808, 224, 73]
          794: [438, 57, 773, 614]
          795: [397, 524, 520]
          796: [967, 45]
          797: [199, 276, 925]
          798: [942, 764, 155, 314, 140]
          799: [613, 441, 366, 493]
          800: [298, 890, 416]
          801: [779, 137, 143, 180, 66]
          802: [288, 585, 68, 4]
          803: [55, 674]
          804: [26, 672, 636]
          805: [849, 861]
          806: [465, 274, 990, 705]
          807: [351]
          808: [152, 874, 793, 924]
          809: [710, 784]
          810: [540, 877, 959]
          811: [562, 748, 995, 963]
          812: [39, 599]
          813: [463]
          814: [942, 215, 434]
          815: [585, 288, 440]
          816: [496, 989]
          817: [323, 912, 7]
          818: [741, 896, 360, 517]
          819: [864, 93]
          820: [312, 43, 479, 833, 906, 237]
          821: [215, 158, 973]
          822: [689, 628, 270]
          823: [10, 661]
          824: [956, 915, 510]
          825: [282, 367]
          826: [641, 999]
          827: [846, 19]
          828: [23, 591, 47, 150]
          829: [479, 960]
          830: [632, 516, 309, 701, 763, 938]
          831: [934, 767]
          832: [288, 92, 440]
          833: [479, 820, 960]
          834: [26, 109]
          835: [979, 88, 20, 512]
          836: [45, 967]
          837: [677, 373, 353, 131]
          838: [764, 942]
          839: [885, 266, 936]
          840: [462, 577, 30]
          841: [746, 519]
          842: [58, 472, 693, 934]
          843: [479, 781, 94]
          844: [559, 385]
          845: [561, 153, 762, 703, 664, 315]
          846: [195, 827, 19, 857]
          847: [579, 456]
          848: [422, 433, 466, 172]
          849: [805, 195, 368]
          850: [545, 659, 349, 24]
          851: [332, 738, 456, 687]
          852: [260, 952]
          853: [949, 250, 308]
          854: [488, 731, 500]
          855: [461, 714, 345]
          856: [723, 374, 660, 993]
          857: [846]
          858: [586, 460]
          859: [89, 171, 203]
          860: [106, 65]
          861: [195, 805, 150]
          862: [708, 278, 928, 437, 198, 588]
          863: [275]
          864: [29, 819]
          865: [466, 670, 89, 346]
          866: [988, 962, 130, 218]
          867: [172, 422, 611]
          868: [416, 182]
          869: [253, 737, 583, 966, 700]
          870: [166, 520, 188]
          871: [793, 328, 132]
          872: [395, 151, 130, 218, 988]
          873: [934, 358, 977, 472]
          874: [808, 922, 927, 538]
          875: [898, 594, 42]
          876: [541, 179, 28, 280]
          877: [810, 887, 255]
          878: [614, 589]
          879: [769, 140]
          880: [116, 214]
          881: [297, 787, 189, 628, 642, 663, 606]
          882: [486, 983, 114]
          883: [603]
          884: [789, 385, 678]
          885: [498, 839, 892]
          886: [439, 633]
          887: [444, 544, 540, 173, 748, 654, 877]
          888: [982, 456, 624, 86]
          889: [604, 296, 423]
          890: [298, 800]
          891: [399, 563, 360]
          892: [498, 265, 885]
          893: [252, 667, 529]
          894: [930, 36]
          895: [397, 313]
          896: [818, 554]
          897: [932, 18]
          898: [875, 485]
          899: [692, 426, 32, 319]
          900: [708, 66, 164]
          901: [552, 126]
          902: [719, 621, 483]
          903: [496, 170]
          904: [488, 180, 731, 776]
          905: [102, 430]
          906: [479, 123, 427, 312, 820]
          907: [571]
          908: [430, 180]
          909: [538, 310]
          910: [295]
          911: [670, 371, 178, 115]
          912: [249, 817, 210]
          913: [292, 339]
          914: [46, 311, 61]
          915: [824, 740, 956]
          916: [971, 396, 509, 367]
          917: [383, 196, 717, 475]
          918: [464, 427, 123]
          919: [41, 575, 696]
          920: [716, 459, 511]
          921: [495, 476, 229]
          922: [874, 259, 924]
          923: [117, 310, 507, 304, 381]
          924: [224, 808, 922]
          925: [121, 408, 199, 179, 387, 620, 276, 797, 448]
          926: [225]
          927: [310, 874]
          928: [198, 862, 605, 708]
          929: [554]
          930: [500, 894, 36, 300, 14]
          931: [30, 160]
          932: [897, 247, 18]
          933: [193, 748, 690, 326]
          934: [873, 831, 842, 767]
          935: [295, 228, 669]
          936: [460, 839]
          937: [489, 491]
          938: [309, 407, 190, 830]
          939: [498, 460]
          940: [356, 229, 770]
          941: [660, 723, 84, 427]
          942: [75, 314, 814, 798, 838]
          943: [297, 792, 671]
          944: [472, 459]
          945: [735]
          946: [209, 504]
          947: [582, 244, 716]
          948: [170, 612]
          949: [853, 308, 175]
          950: [19, 299]
          951: [777, 111, 400]
          952: [49, 852, 677, 954, 686]
          953: [99, 331, 752]
          954: [686, 952]
          955: [114, 642, 327]
          956: [824, 679, 765, 915]
          957: [38, 324]
          958: [350]
          959: [810]
          960: [625, 479, 829, 833]
          961: [154, 443]
          962: [866]
          963: [995, 811]
          964: [618, 145]
          965: [580, 685, 463]
          966: [869]
          967: [796, 836]
          968: [744, 533, 493, 523]
          969: [353, 379, 668]
          970: [410, 4, 271, 768]
          971: [916, 269, 396, 393]
          972: [562, 62, 58]
          973: [821]
          974: [192, 499, 568]
          975: [54, 374]
          976: [523, 533, 424]
          977: [767, 992, 873]
          978: [729, 15]
          979: [512, 835, 469, 593, 94]
          980: [233, 258, 267]
          981: [388, 614]
          982: [332, 888, 21]
          983: [882, 486, 490]
          984: [336, 742]
          985: [233, 293, 587, 683]
          986: [274, 655]
          987: [391, 581]
          988: [866, 872]
          989: [219, 816]
          990: [806, 76]
          991: [169, 371, 722]
          992: [977, 599]
          993: [616, 856]
          994: [315, 556, 703]
          995: [721, 963, 811, 255]
          996: [659, 413, 545]
          997: [284, 224, 403]
          998: [183, 77, 269, 330]
          999: [759, 117, 826, 576]


